0
0
1
0
1
1
0
10
1
499500
499500
64904
62000
0
1
1
1
22
25
183
661
2670
16725
499500
0
0
1
1
4
26
721
1054
2802
17475
70713
0
0
1
2
21
33
182
1215
9297
66606
72664
0
1
0
10
45
190
155
750
2740
16968
71558
0
1
0
1
14
20
195
1240
2792
41861
69547
0
0
3
4
4
26
157
578
2534
17212
67368
0
0
1
3
4
99
1225
763
2775
17890
66370
0
0
1
10
7
22
228
784
2657
16513
68896
0
1
1
2
5
73
172
742
2764
17977
188028
0
0
1
10
8
62
157
742
6569
17975
71322
0
0
1
10
4
21
143
1821
2921
124750
68519
0
0
1
0
6
99
202
738
2711
17072
70775
0
1
1
1
7
28
181
617
2953
70531
146251
0
1
1
4
12
91
153
787
19900
16554
69246
0
0
1
1
10
190
168
4950
2744
16202
249756
0
1
0
1
7
58
292
2451
2815
62331
180316
0
1
0
1
5
26
601
1265
2761
18307
68488
0
0
1
10
5
190
600
1682
3106
17776
70936
0
1
0
10
7
49
177
663
10021
17250
68646
0
0
1
0
6
68
326
2459
2846
41469
69500
0
0
1
1
12
31
1225
662
2604
124750
68458
0
1
1
1
24
94
166
678
2907
17154
249536
0
0
0
1
8
25
204
1617
2790
18192
67550
0
0
3
1
13
97
159
712
2925
17588
73568
0
0
0
1
21
59
172
4950
2873
17553
166704
0
0
1
3
16
87
163
644
2578
18008
124824
0
