0
0
1
0
0
0
1
0
2
1
1
0
0
0
0
3
2
4
0
2
2
0
0
0
50
49
99
0
49
50
0
0
0
5000
4999
9999
0
4999
5000
0
294
35
81
801
207
81
2
91
12
5
5
61
1
9
643
49
0
7
758
775
0
0
1
566
47
1
1
0
0
1739
313
1
495
1996
3
2429
2065
12
1338
6
0
24
0
12
9
0
8
4
0
0
1
466
4743
1
11
2631
93
3
57
10
8
2815
672
6
0
0
3
72
0
816
169
0
5833
0
1
7
742
53
595
6
17
71
94
3
0
105
1
0
0
21
3202
171
1764
16
9
39
42
2
2
0
3503
1
397
1
7
56
28
201
2
221
12
3
3
169
109
2
132
2
50
2
1
5
3
1
247
1
0
5
2
13
7
18
518
81
2
0
0
25
45
1
529
78
29
3762
2
0
4
1
13
1
2
1380
3669
49
2
442
1
6
57
420
105
1
203
0
1
2
202
48
1774
0
936
0
1226
0
14
195
39
0
0
4
2
24
146
8
16
1572
2
4864
3
658
0
5
939
0
1670
632
184
90
1594
0
24
1461
32
608
1
1
71
1477
39
80
80
1
3
81
187
138
4499
21
38
546
140
27
1233
77
1891
46
93
49
6
2225
0
175
714
0
114
0
2
5
0
4
399
52
1
2232
1
34
0
0
341
1
2269
33
144
0
9
1
16
29
1
1119
